6060404020203030
0606040402020300
2020303060604040
0203030606040400






0070707070707000
0001010101010000
0000202020200000
0000000200000000
0000002020000000
0000000500000000
0000005050000000



0000700000700000
0000070107000000
0000001020000000
0000010201000000
0000002050000000
0000030503000000
0000005030000000
0000000300000000


0000008080000000
0000050801000000
0000305010600000
0004030006070000
0070400000704000
0607000000040300
1060000000003050
0100000000000500


0000808080800000
0008010101080000
0080108080108000
0008010101080000
0000808080800000
0000070007000000
0000707070700000



0040404060606000
0400000000000600
0040000000006000
0402030102030600
0030102030102000





0040404060606000
0400000000000600
0040000000006000
0402030102030600
0030102030102000
0002030102030000




0080800000202000
0005000000030000
0080000000600000
0003000000080000
0040000000500000
0002000000030000
0020000000100000
0003000000040000


3000000000000030
0603020406030200
4000000000000040
0204060302040600
0000006000000000
0000000300000000




0020001000100020
0102000201000100
1000100020002000
0201000102000200
0020002000200020
0102000201000100
1000100020001000
0202000101000200
0020001000100010

0070700000505000
0100000000000400
2010000000004030
0200000000000300
1020000000003040
0100000000000400
7010000000004050
0707000000050500


7070000000005050
0105000000070400
2010000000004030
0200000000000300
1050000000007040
0100000000000400
7010000000004050
0705000000070500


0000008080000000
0000050801000000
0000305010600000
0004030206020000
0070407020204000
0607070303040300
1060101010303050
0101000000000500


0000800000800000
0003030003030000
0080208080208000
0003030003030000
0000800000800000





0000001010000000
0000020202000000
0000303030300000
0004040404040000
0050505050505000
0000000600000000
0000007070000000
0000000800000000


0000002050000000
0004030000000000
6070005020000000
0000000003040000
0000002050007060
0004030000000000
6070005020000000
0000000003040000
0000000000007060

0000005050000000
0000000300000000
0000001000000000
0000000700000000
0000002000000000
0000000400000000
0000005000000000
0000000300000000


0000008010000000
0000080107070000
0000008010700000
0008080808000000
0080808010100000
0808080101010000
0080801010100000
0008080807070000
0000707000000000

0010000000000000
0100000000000000
0020304070605000
0000000000000100
0000000000001000
0002030407060000
0010000000000000
0100000000000000
0020304070605000

0060000000000000
0500000000000000
2030407060502030
0000000000000400
0000000000007000
0004030205060000
0070000000000000
0600000000000000
5020304070605000

3020108080102030
0302010801020300
4030201010203040
0403020102030400
5040302020304050
0504030203040500
6050403030405060
0605040304050600
7060504040506070

0000005050000000
0000000300000000
0000002040000000
0000000600000000
0000002040000000
0002000500040000
1080108010801080
0300030002000600


0000000010000000
0704030500000000
6000001000000000
0000000503040700
6000000010000060
0704030500000000
0000001000000060
0000000503040700


0000000070306000
0000030703060300
0000507030603000
0006070306070000
0070703060100000
0307030603000000
5060207010000000



5000000000000050
0500060606000500
0050400000405000
0003000000030000
0060800000806000
0003000000030000
0000400000400000
0000060606000000


0070800000807000
0700080008000700
7010008080001070
0701020802010700
7060302020306070
0700030203000700
0070703030707000
0000000300000000


0030001000700060
0500070007000600
6000800050003000
0002000100050000
0040003000400000
0200030002000000
0000400060000000
0000000500000000


0000000010000000
0000000003000000
6010301020104010
0000000006000000
0000004010000000
0000010003000000
0000002010000000
0000000004000000
0000006010000000
0000000600000000
0000005040000000
0000040108000000
0000002030000000
0001040002020000
0030102050104000
0004020008040000




0000000010000000
0000000100000000
0020000010005000
0500000100000800
0060000010004000
0008000100050000
0000505080100000



0000006030000000
0000030206000000
0000206030200000
0006030206030000
0030206030206000
0206030206030200
6030206030206030



6060606060606060
0400000000000000
0030205070604030
0005000000000000
0000706040302050
0000040000000000
0000003020507060



1000700000600020
0600010006010300
0040007020007000
0207000000040000
6000305080200070
0100000000000100
0010405070501000



6060600000606060
0000060006000000
0000203030200000
0003000500030000
0000503030500000
0000060106000000
0040200000204000



0000005050000000
0000050000000000
0030406060000050
0303040605000500
3020306060505000
0303040605000500
0030406060000050
0000050000000000
0000005050000000

1000000000000010
0100020202000100
0010203030201000
0602030003020600
6020300000302060
0602030003020600
3030307070303030
0805080208050800


0000707070000000
0007020207000000
0070505050700000
0707070707070000
0000600060000000
0006000006000000
0060404000604040



0030300030303000
0307050406050300
1030303000303010
0201020102010200
1030300030303010
0305060405070300
2030303000303020
0101020202010100


0060500000000000
0301030000000000
0050600000000000
0000050300000000
0000601060000000
0000030500000000
0000000030600000
0000000506050000
0000000060300000

6030704050106030
0501060307040500
6030704050106030







0000000000004040
0000070707040400
0000000000004040
0001000000070000
0010100000700000
0303030007000000
3000203030300030
0002000300030300
0020000000000000

0000400000000000
0007040000000000
0000704000000000
0004070400000000
1010101010101000
0102010201010000
2020202020202020



8000000000000060
0601043070508000
8000000000000060
0601040307050800
8000000000000060
0601040307050800




3030406060403030
0803040604030100
5010304040308010
0801030403010800
2010603030808010
0803040306010500
6010206040808020



6060000000004040
0408000000030600
8060000000004020
0700000000000700
4040000000005060
0604070705060400
0070604060407000
0008000700070000


0050000000004000
0005000000040000
0000506060400000
0000020002000000
8080600000601010
0000020002000000
0000706060300000
0007000000030000
0070000000003000

0060000000002000
0107010101030100
0000401010400000
0001030107010000
0000002060000000
0000010501000000




7070707070707070
0700000000000700
7000002080502020
0700000008030600
7000000000004080
0505000000000000
4030602000000000
0802080400000000


0000100000100000
0004000005000000
0070000010101000
0600000000070000
1010101000400000
0000050000000000
0000800000000000
0003000000000000
0010000000000000

0070700000707000
0600040004000600
5000003030000050
0600000000000600
0070000000007000
0004000000040000
0000300000300000
0000020002000000
0000005050000000

0080800000808000
0704060606040300
5060606020606030
0704060606040300
0080800000808000





0000000000707070
0000000002070700
0080707070007070
0607070700000000
6000000070707070
0600000000000000
4020202040003000
0404040403030300


4000007000600070
0706070000070400
0000700000700000
0008080808080300
0000802020806040
0000080808010300
0000008080003040
0000000600050600
0000000000001080

0050000000005000
0800000800000800
8080802020808080
0800000800000800
0070003000007000
0000030600000000
0000006000000000
0003060000000000
0030000000000000

0000006050000000
0000020603000000
0000504070100000
0006020203040000
0000307030600000
0000010302000000
0000004050000000
0000000400000000


7070002020006060
0600000600000300
2000001000002000
0500000300000200
1000002000001000
0500000200000200
6000001000007000
0500000500000400


0000006060000000
0008040404080000
0000006060000000
0000020702000000
0000006060000000
0008050505080000
0000003030000000



0000401030000000
0001000001000000
0000401030401000
0001030400000400
0030000030401000
0001030401030000
0000401000000000



0060400030205000
0800000000000100
0020305000406000
0800000000000100
0040600020503000
0800000000000100
0050203000406000



0000006060000000
0000070604000000
0020107040103000
0201010101010300
0020202030303000
0000000500000000
0000002030000000
0000000500000000
0000202030300000

4000500000300060
0200030002000400
4000001080000060
0600020305000400
4000008010000060
0200050003000400
4000300000200060
0600000000000400


2060805050103040
0100000200000800
4000003060000020
0000000800000000
0000001040000000
0000000200000000
0000006030000000
0000000500000000
0000004010000000

0000000050101030
0805010805030300
5010805010805010
0805010805010600
0000000010605010
0000000005010600
0000000010805010
0000000005010800


0080703000002020
0008070300000200
0080703000002020
0008070300030100
0080703000604050
0008070300070800
0080703000203040
0008070300050600
0000000000708010

0000007070707000
0304050000000700
2000000000000030
0700000000000400
7000000030405060
0700000208010200
6000000030405060
0801000000000000
2030400000000000
0506080000000000
0070000000002000
0101000000030300
0020000000004000
0303000000050500
0040000000006000
0505000000010100
0060000000007000



0040000000004000
0200000100000200
5000008080000050
0500000100000600
0040207070504000
0000000600000000
0000003030000000
0000000700000000


0010000020304000
0200000308040000
4000002030100000
0300040308000000
4000002050100000
0300040508040000




2000001010000020
0200030303000200
0020004040002000
0007070807070000
0000004040000000
0000050705000000
6030206040203060
0500000000000100


4020305070103060
0100000100000100
3080103020403050
0400000400000400
0050000050000050
0803020804050800
0060000060000060
0700000700000700


0050400010100000
0500040100010000
8000000000008000
0806040000040200
0040305020603060
0002060000050400




0000006060000000
0000050504000000
0000106060400000
0001070205030000
0020702010503000
0201030104020700
0030103040207000
0003050506060000


0000703000000000
0001070600000000
0030705010500000
0707080204080400
7010406050605070
0107070107070100




0000100000100000
0005060105060000
0010102020101000
0407010801070400
0030705070503000
0001010101010000




4000000050000040
0606070600040500
4020705020206040
0000040100050200
0050207070007040
0406050400040200
0000004000401000
0808080500000000
0000000080808080

1000000080800000
0200000801080000
3000008020208000
0400080101010800
5000008040408000
0600000404040000
7000000040400000
0000000801080000
0000008010108000

0000300000107000
0007040000040300
1000008020800000
0504000300000000
4000306010106000
0001000004000100
0070500000003000
0000030000000000


1000000010000000
0200000002000000
0030000030300000
0004000400040000
0050000050500000
0600000701070000
7000000060600000



2000006000205010
0500040004000400
6000003000000030
0402080000000500
0000006000306000
0000050005000000
0000003000402050



6000000040000030
0803000006000800
0000700010003000
0700040700020000
5020302010600030
0000080403050400
0070600000800000
0403000000040200
8000000000006000

6010205010603080
0000000000000400
8050207010602000
0300000000000000
6070604080502060
0000000000000100
6010408060203000
0800000000000000
0080405030706080

0000008010000000
0000080708000000
0000102020800000
0008070807080000
0060007070006000
0401060606040100
0050007070005000



0000005060000000
0000030303000000
0000705030700000
0003000600030000
2000003070000010
0202000300010100
0080205060108000
0000000300000000
0000003070000000

0060000000002000
0002060806080000
0080000000000000
0600000000000000
0030302080608080
0006000000000800
0000006080206000
0002080000000000


8070000000000000
0105000000000000
7020500000000000
0603040000000000
5050404000000000
0303050300000000
1020205030000000
0108080706000000
3030505070600000

0000206060200000
0002010108020000
0020302020802000
0203020502070200
2040205020702080
0204020606020800
0020502020207020
0002050606070200
0000202020202000

0000800000800000
0108080108080100
1070705050707010
0302000200020300
3070006060007030
0700000600000700
4040500000504040



0060300000306000
0600020002000600
2000801010800020
0508000700080500
0050006060005000
0701040004010700
7000400000400070
0208000000080200
0020000000002000

6010000000004080
0207050505070300
6010000000004080
0205070707050300
6010000000004080
0208060606080300
6010000000004080



5000001010000050
0500040004000500
0020400000402000
0702000000020700
8000804040800080
0702000000020700
0020300000302000
0500030003000500
5000006060000050

2020000000005050
0500000000000200
5000000000000020
0100010501000300
5020503010205020
0208050002080500
0030700000307000
0000020805000000


8060502030401070
0000000001000000
0000001010000000
0000010000000000
7010403020506080
0000000001000000
0000001010000000
0000010000000000
8060502030401070

0000100000100000
0002040002040000
0020306050302000
0006050006050000
0000007070000000
0000000700000000
1000007070000030
0200000700000200
0030405060401000

1000002020000020
0103070307040200
0010600000604000
0600070307000600
0040200000103000
0000020601000000
0040303040403000



0000005060000000
0000000300000000
0000001020000000
0000000400000000
0000005070000000
0000000200000000
6050403020107050



0080001000200000
0004000500060000
0070008000200000
0006000300060000
0010001000200000
0003000500080000
0020004000600000
0003000600070000


1010202030304040
0505060706050500
6040303020201060
0406050706030100






7040001020004070
0505000200040400
0050007070004000
0108060706080200
0020005030001000
0101000000020200
6010400000402060
0503000000030500


1050108080105010
0102050005020100
3060102020106030
0403040004030400
3040605050604030
0802030003020800
2030105050103020



3080207050706050
0600010002000100
0060408030405000
0005000100040000
0070305060503000
0100020004000200
6040406060505010


